78.07
77.11
77.39
78.24
77.76
77.30
79.44
77.85
77.62
76.31
74.73
75.55
73.05
74.74
75.08
75.34
73.44
75.94
76.74
75.88
76.46
76.46
77.32
75.36
75.38
75.29
76.79
77.59
77.50
75.39
75.30
76.44
78.79
79.80
79.57
79.22
78.51
79.30
79.28
78.43
78.23
77.12
77.47
77.21
74.85
76.17
74.87
73.62
73.36
73.13
75.17
74.64
74.74
74.00
73.86
74.71
74.06
73.78
73.48
71.58
71.42
72.58
72.02
72.06
71.04
68.65
67.11
68.33
68.02
68.12
67.64
70.27
69.53
70.11
70.12
70.45
68.91
69.47
67.42
66.05
66.21
65.12
64.89
64.64
64.95
65.49
63.61
64.34
65.79
65.54
64.37
63.83
65.78
66.63
67.50
67.31
66.39
65.42
65.25
65.67
64.84
64.33
64.36
62.72
62.59
62.79
64.81
65.51
66.86
67.62
68.58
69.65
69.05
69.02
69.46
70.52
70.42
70.53
69.96
69.03
68.61
69.31
69.38
69.15
70.26
69.87
69.26
69.20
68.82
67.78
67.62
68.07
67.84
66.57
66.87
66.72
66.44
67.02
65.25
64.90
64.56
63.80
63.41
63.23
63.31
62.44
63.34
64.69
63.40
62.20
61.22
62.86
62.45
63.73
63.57
63.11
63.61
63.84
63.86
63.55
63.32
62.57
62.22
62.72
61.36
61.87
62.21
63.16
63.52
63.93
63.49
63.69
64.27
62.07
60.62
60.49
61.37
60.90
60.44
59.30
58.44
58.33
57.37
57.75
57.23
58.15
57.88
57.82
57.17
56.25
56.94
56.61
55.79
55.62
57.00
55.80
56.00
56.12
57.54
57.41
57.90
58.44
59.02
56.86
56.43
56.29
55.14
55.48
55.62
55.47
55.16
54.27
53.84
53.78
54.49
54.20
53.38
52.34
52.75
52.38
50.86
52.00
51.89
52.41
52.04
52.57
51.87
51.66
52.72
51.03
50.27
50.80
50.73
52.10
51.90
52.70
52.14
52.37
52.42
52.01
52.36
51.78
52.65
52.52
51.49
50.97
50.20
48.60
48.06
49.30
49.70
48.84
48.42
48.91
48.42
47.74
47.52
46.88
46.71
48.11
47.79
49.61
49.68
47.92
47.42
47.31
46.65
45.83
45.54
45.22
44.82
46.02
46.91
47.37
46.92
47.00
48.72
48.29
48.15
47.86
48.06
50.12
49.47
49.95
50.63
50.31
51.84
52.29
52.15
51.46
53.96
54.15
53.87
53.61
52.51
52.21
51.65
51.82
50.84
50.77
50.22
48.73
49.34
49.10
48.38
50.79
50.46
51.52
51.73
51.44
51.82
52.10
51.60
51.96
52.99
52.93
54.89
55.36
55.89
55.86
56.23
55.98
55.24
54.89
54.36
54.17
53.12
52.83
52.96
52.42
51.33
50.75
50.80
50.56
50.64
50.96
51.62
51.76
51.74
51.81
50.92
51.35
51.37
52.19
53.11
55.92
56.01
55.90
55.08
56.36
55.59
55.93
55.99
56.58
55.84
56.66
56.18
55.81
55.65
55.75
55.97
55.59
56.70
55.63
55.12
55.05
55.72
56.81
56.56
56.80
55.70
55.23
55.52
56.24
55.08
55.44
55.23
55.49
54.16
53.92
55.47
55.86
55.45
56.01
55.10
53.64
54.94
57.10
56.89
56.46
55.47
56.82
56.82
56.14
56.22
56.09
55.16
55.05
54.46
55.35
54.92
55.21
54.02
53.90
55.72
55.69
54.33
53.89
53.00
53.93
54.94
54.46
53.94
50.47
46.38
48.24
47.24
49.00
48.95
49.12
48.90
46.86
46.49
46.63
46.95
44.43
44.75
45.84
46.36
46.04
46.15
45.58
46.35
46.86
48.14
48.30
49.71
50.47
49.98
50.79
51.46
51.78
51.38
52.67
51.68
51.52
51.95
52.03
51.81
52.41
53.14
51.93
52.51
51.86
50.87
50.89
49.06
49.24
48.69
45.97
47.35
45.89
47.65
46.83
45.88
45.95
45.77
46.59
45.85
47.10
48.32
48.01
49.99
47.98
47.26
47.63
46.83
45.45
47.04
48.37
49.26
49.92
49.67
49.05
49.96
49.16
50.88
50.89
49.85
49.23
48.35
46.97
46.04
44.05
44.98
45.39
44.27
44.29
43.10
41.80
42.14
42.46
42.70
43.47
44.87
44.72
45.69
46.20
47.17
46.66
46.96
47.61
47.37
46.26
48.47
46.25
46.76
46.40
48.80
47.96
50.10
50.35
49.68
50.61
48.58
47.16
48.41
50.91
49.88
50.62
50.65
49.17
47.19
48.97
49.83
50.35
50.54
51.95
52.51
51.44
50.55
49.64
50.04
49.72
49.69
49.76
49.32
49.59
49.74
48.61
48.35
48.72
48.81
48.93
49.28
48.97
47.83
48.08
47.60
45.52
43.63
45.37
45.01
44.62
44.97
45.83
48.13
48.14
47.18
45.74
44.48
45.11
44.53
45.80
44.03
42.91
43.10
43.84
44.18
44.69
42.83
41.94
39.43
39.84
37.87
37.69
38.67
39.60
39.26
39.14
40.27
40.44
40.47
41.79
41.54
41.20
41.54
40.33
38.74
39.53
40.39
40.05
41.07
39.65
40.84
38.72
37.07
36.93
36.81
35.97
35.10
35.29
34.41
33.27
34.69
33.01
34.28
34.50
32.18
33.39
33.36
30.06
30.84
30.32
32.88
34.06
34.46
35.04
32.72
34.24
34.74
33.89
33.10
31.80
30.50
32.18
29.25
27.88
28.76
28.55
28.94
31.03
30.31
30.86
31.55
33.55
33.75
34.23
36.42
37.22
37.28
36.46
37.79
36.62
37.89
37.36
36.11
36.35
36.88
37.06
37.19
38.45
37.92
37.93
39.73
40.11
40.26
40.73
43.00
43.84
42.49
44.44
44.61
44.86
45.46
46.17
46.12
44.83
44.66
44.18
44.14
43.57
44.56
43.61
44.06
45.81
47.44
47.19
47.42
47.98
48.58
50.54
48.79
49.56
48.80
49.05
46.81
47.54
47.99
48.08
47.85
48.71
48.61
50.46
48.71
49.15
49.24
49.86
52.65
53.05
51.33
51.92
49.25
48.13
47.69
48.37
48.23
47.34
48.60
48.17
47.75
49.08
48.92
47.47
49.08
49.75
46.63
46.37
48.14
48.89
47.58
49.52
47.63
49.61
50.68
50.50
49.56
54.15
50.05
47.56
43.14
43.21
42.69
45.46
46.62
47.16
48.81
48.74
49.03
49.22
49.66
49.18
50.41
48.61
49.52
49.59
49.99
49.52
52.21
53.31
53.38
53.30
53.47
54.62
55.27
56.13
57.04
56.65
57.10
57.51
57.05
58.51
57.85
58.73
58.61
57.05
56.85
56.54
60.32
62.07
62.01
63.59
62.01
63.26
63.20
63.49
64.45
63.34
63.02
64.26
63.87
63.70
62.61
63.87
65.11
65.70
64.88
62.69
63.31
62.03
63.80
65.49
64.88
65.56
62.58
62.06
63.72
65.52
65.37
66.54
65.03
64.02
66.27
66.81
66.59
66.81
66.86
64.91
65.39
65.54
67.77
67.52
66.45
66.46
66.78
65.84
64.64
64.83
65.28
64.85
62.73
62.08
63.45
63.45
63.98
60.32
58.43
57.93
57.87
56.57
55.55
59.10
58.12
54.95
57.10
55.11
56.29
56.41
59.19
56.48
55.11
55.92
55.32
54.43
55.91
53.51
53.44
54.67
57.08
57.54
56.39
58.53
59.73
60.48
60.55
61.02
59.54
62.58
60.05
61.63
58.66
58.90
60.22
60.21
60.53
62.53
61.40
61.52
57.05
54.66
56.43
58.34
57.80
56.57
54.16
57.91
54.75
52.99
49.13
48.47
49.60
48.16
48.79
48.52
49.03
47.99
48.84
50.17
47.67
48.69
46.59
47.43
50.11
50.96
51.15
51.10
53.11
56.42
57.33
57.90
57.88
59.45
60.24
61.69
60.11
61.38
59.27
61.18
59.86
61.06
61.85
63.68
64.24
66.84
66.19
69.07
69.64
69.92
70.54
72.54
70.15
72.58
77.75
78.33
79.68
80.36
79.33
78.10
78.47
79.31
79.41
77.92
80.38
81.67
82.34
83.39
82.86
82.95
82.82
84.78
85.86
86.24
87.12
86.03
85.83
86.13
86.83
84.71
86.22
85.40
86.16
84.47
83.78
85.04
88.89
90.21
90.05
91.38
92.11
92.79
92.31
93.42
94.16
94.67
97.20
97.00
97.00
96.95
96.85
96.97
98.39
97.70
98.97
99.05
96.65
97.11
98.08
98.04
99.16
100.201
100.8299
101.8391
102.772
100.3438
102.799
103.191
102.4625
102.721
102.5015
102.65
102.2933
102.634
102.281
101.5604
101.6086
103.539
102.018
104.28
103.0259
104.6832
105.0240
105.441
104.5902
104.6176
105.414
104.8411
106.0246
106.5112
107.724
107.5776
108.393
107.0789
108.035
107.3333
107.681
107.2460
107.893
105.856
106.020
106.98
106.6685
108.676
108.2861
108.9418
110.2436
110.642
111.0022
111.2494
112.2906
112.3683
113.308
113.2169
114.0040
114.460
114.1260
114.8122
115.060
114.261
113.455
112.9441
113.41
113.029
109.959
109.5243
109.997
108.6117
108.796
108.4039
108.8201
108.8353
109.4151
109.975
109.8119
110.0227
110.320
110.546
110.3617
110.558
109.699
109.3735
109.7562
110.44
110.197
109.247
108.418
107.8914
108.0408
108.130
107.0661
107.7280
108.597
107.7629
108.0784
108.980
108.1233
109.5868
110.332
109.1115
109.2762
109.95
109.5306
109.609
108.740
109.07
107.3312
107.4648
107.989
107.675
105.8284
106.724
106.150
104.7979
105.6299
107.7629
108.072
107.835
107.034
106.997
106.8110
106.924
106.457
105.8588
106.792
106.2415
108.57
107.398
108.0249
108.553
108.0884
109.003
108.102
107.7641
109.3071
111.205
109.070
108.9651
109.521
109.5102
110.642
109.8541
110.3015
110.471
110.467
109.18
109.082
108.736
108.790
108.685
108.6386
109.572
107.198
106.254
105.7825
106.0434
106.4044
107.959
107.851
107.417
106.6910
107.888
107.5864
108.274
106.736
106.3512
106.4857
107.094
107.13
106.3934
106.7547
107.251
106.3971
107.1519
107.358
106.7315
106.8983
107.7883
110.92
110.807
111.2186
112.188
111.98
111.90
111.5619
111.774
110.290
109.630
108.4484
110.47
108.83
108.6794
109.709
109.3801
109.3999
111.617
110.9880
111.8866
112.625
111.450
109.6906
110.860
111.319
110.8811
111.0005
111.058
110.087
108.067
106.9243
108.4703
108.5004
108.54
107.124
105.8155
106.402
105.120
103.4669
105.2409
105.3385
106.230
105.9169
108.8493
109.868
109.0155
109.611
106.9306
106.9975
107.8097
109.970
109.6427
109.946
109.1158
110.86
109.967
111.0422
111.2847
111.801
109.0600
110.164
109.680
109.462
109.0017
109.196
107.9440
108.3724
108.6353
109.212
108.3229
108.644
108.1697
109.222
108.7666
110.603
108.1971
110.0740
112.78
112.63
111.502
111.2517
113.7207
116.125
115.260
114.9167
115.688
114.33
114.0100
115.1624
116.617
114.368
110.738
111.044
109.908
109.8131
110.153
109.9045
110.4064
111.11
110.20
109.828
108.979
108.224
106.6871
107.4468
108.1848
108.7023
108.9554
109.541
107.704
106.9150
107.456
107.1745
107.653
107.1913
108.425
108.157
108.0758
108.708
108.6172
109.40
109.096
108.810
107.7372
108.515
107.815
107.4327
107.727
105.541
105.769
104.007
103.002
102.1664
102.824
101.660
101.260
101.16
100.9121
102.1574
106.129
106.022
105.4743
105.931
104.25
103.49
102.9695
103.9558
104.562
103.615
103.0419
103.246
102.06
100.3976
102.1923
102.4373
104.237
102.622
102.640
102.4416
102.6026
103.9185
104.805
104.641
103.80
103.685
102.6021
102.8205
103.9154
104.472
104.3406
104.4001
105.462
104.190
102.85
99.95
102.3739
103.813
103.1624
103.415
101.732
100.318
100.39
99.65
99.13
97.69
99.91
100.394
103.1111
104.2744
105.7941
106.230
104.662
104.1209
106.3472
107.1123
110.6935
111.086
110.020
109.690
109.360
108.177
107.668
107.4715
108.728
107.4588
109.5128
109.827
109.42
108.5203
109.6552
110.2257
110.8527
111.158
111.0649
111.618
110.0928
110.4088
111.3844
111.8775
112.7151
114.440
114.100
113.5379
115.6063
117.522
117.384
117.6629
118.0061
118.72
118.66
118.1365
118.902
117.244
116.738
116.520
115.6099
116.765
115.557
114.907
114.368
113.488
113.280
113.283
112.804
112.424
111.716
111.891
111.104
110.61
110.3041
111.882
110.6412
111.892
111.7616
111.948
111.408
111.3174
112.1429
112.472
111.11
110.6216
110.8024
111.07
108.806
108.9712
110.2014
110.360
108.841
107.6438
109.15
107.915
109.508
108.013
107.339
107.0201
107.0364
108.8194
109.8497
110.9228
111.232
110.764
109.5133
109.8795
110.9241
111.385
110.558
110.864
109.8367
111.702
108.9583
110.98
109.615
108.2674
109.0730
109.400
107.250
106.8283
111.070
107.734
105.6830
108.1749
108.7035
109.0833
109.4410
109.558
108.499
107.8537
108.2509
109.4464
110.1403
112.4271
113.2261
115.073
115.803
114.6294
115.711
114.3315
114.500
111.8218
112.0250
112.588
108.1705
111.5755
112.1918
112.394
112.019
110.0437
110.458
109.8144
111.426
110.030
108.1943
112.0355
113.7946
116.6621
116.90
115.969
115.401
114.819
114.257
113.495
113.0995
114.1838
115.78
114.570
112.650
112.5404
112.589
112.2617
113.5923
115.019
114.914
114.643
113.7001
113.7173
116.90
116.25
114.038
113.608
112.9524
113.226
112.142
112.004
109.556
108.947
105.9006
105.969
104.9221
106.2025
106.475
105.264
104.383
103.425
103.2634
106.8390
107.801
105.162
104.003
103.55
102.402
101.07
100.23
97.97
100.32
98.19
100.70
99.77
100.68
97.34
97.80
91.36
93.50
93.02
91.01
90.98
89.23
92.69
95.76
96.05
97.61
97.03
97.13
97.14
98.00
99.47
99.93
100.64
98.84
98.85
98.43
101.8755
103.4701
106.6840
107.11
106.836
106.554
105.5663
108.4137
108.816
107.1433
107.4978
111.717
112.240
111.5761
112.2642
112.7342
113.202
112.7338
113.1602
113.1850
116.0879
118.2022
119.666
119.4730
119.8308
119.927
119.121
118.1646
118.7104
118.764
118.003
117.9768
118.788
118.6859
121.83
121.717
120.185
119.8827
122.672
123.439
122.3402
124.8645
125.438
122.880
122.3943
124.1610
125.5409
125.652
125.132
123.1485
124.206
124.1226
125.7108
125.813
123.554
124.9799
126.220
125.3451
125.983
125.446
124.125
121.9847
123.802
123.6502
126.209
122.661
121.5511
124.1704
125.470
123.629
122.902
121.664
120.05
119.5844
120.119
118.935
118.16
117.933
117.3108
118.599
117.203
116.236
115.938
114.584
112.076
111.562
110.981
110.7564
111.460
110.799
109.8120
110.0350
110.586
109.8652
111.550
110.6678
111.530
111.20
110.4474
111.2687
112.2492
113.284
112.4554
113.068
112.7484
113.700
112.132
107.388
108.012
107.5656
109.27
107.96
107.897
107.712
106.738
103.648
103.3566
105.09
105.029
109.509
107.2625
108.627
108.1130
109.5316
110.811
109.8112
109.947
108.9938
110.5227
110.827
109.004
106.4028
107.78
107.0284
109.031
106.8863
107.5661
108.2227
111.8845
112.39
111.8999
114.160
113.715
112.3134
115.008
114.561
111.973
110.836
109.3418
109.5402
109.5632
109.9194
112.081
108.9181
110.9248
111.453
109.5618
109.766
108.3948
111.150
110.1694
114.68
111.112
111.367
110.733
108.950
105.884
105.732
102.735
99.79
101.7102
102.7614
103.953
103.8111
107.148
103.9403
103.9744
105.4941
110.3616
110.548
109.1474
112.2271
115.34
112.40
111.8932
112.2546
112.7755
114.5508
115.808
112.895
110.080
112.3371
114.2949
114.853
114.021
111.88
111.367
110.623
110.157
109.318
108.3624
108.622
106.9926
110.603
109.470
109.914
108.031
108.026
106.681
102.573
103.7415
109.378
107.2528
113.2377
116.4630
116.816
116.7453
117.3606
117.4372
118.289
117.9462
118.679
117.5154
118.153
117.067
116.0503
117.2690
118.329
118.787
117.754
117.2492
118.3322
118.597
113.621
113.619
111.394
111.7763
112.487
112.403
108.783
105.993
105.1200
107.2609
114.214
110.9566
111.6934
113.2171
114.0263
117.105
120.169
119.107
118.7866
119.576
117.852
116.781
114.4817
115.846
115.548
114.5388
116.739
114.680
115.0302
115.050
114.933
112.531
110.1004
112.397
111.4278
112.300
109.9943
112.737
113.835
112.986
112.5730
117.639
115.900
109.1351
110.8057
121.1903
122.4513
125.1261
125.89
125.0209
125.130
124.149
123.667
123.991
123.858
121.3323
121.6149
123.459
122.362
122.882
120.9247
123.9811
126.654
122.670
122.307
122.226
121.069
118.704
117.364
115.1303
115.161
114.8068
115.5911
115.725
115.5513
115.704
114.960
113.9384
114.907
110.62
108.5253
113.6715
113.8438
115.4344
115.945
113.0672
115.0480
115.973
114.7934
116.351
115.424
111.8030
112.140
111.360
111.257
105.784
105.744
102.5207
102.5915
103.781
101.6440
103.083
101.43
100.8793
101.820
99.92
99.25
99.83
101.7657
102.349
101.742
101.01
99.42
97.39
97.91
95.25
96.61
97.60
96.58
98.16
97.80
97.43
98.68
98.06
98.12
97.61
95.70
93.33
94.52
95.50
93.53
94.84
94.75
93.09
94.14
94.38
93.85
93.77
94.25
93.65
93.20
92.74
91.67
91.71
92.20
91.21
91.19
90.48
90.99
90.77
91.39
91.45
91.42
90.69
88.87
85.92
87.34
85.58
86.10
85.84
83.25
83.96
84.34
85.05
83.28
84.73
86.70
86.34
88.81
88.96
88.33
88.46
88.11
88.00
86.38
85.41
84.62
83.15
83.59
83.23
83.66
83.54
82.96
81.83
83.60
81.10
84.37
82.45
84.53
84.64
83.50
83.72
84.03
83.43
85.06
84.84
83.28
83.75
82.31
80.77
78.71
78.57
78.87
78.11
77.95
78.42
79.32
78.21
78.48
78.91
79.16
79.03
78.16
77.47
78.17
77.74
76.87
76.67
76.93
76.35
74.64
76.60
76.65
75.02
73.48
72.38
73.62
74.26
75.30
76.47
76.93
74.85
75.11
75.52
77.64
79.60
80.99
80.16
81.61
82.20
82.68
80.82
78.18
77.59
76.06
76.13
77.50
77.45
77.82
75.37
76.22
75.62
75.37
76.19
76.77
76.65
74.37
75.42
74.71
73.51
71.45
71.47
71.65
72.34
75.01
75.44
77.59
78.12
76.47
76.27
78.04
78.82
78.22
78.68
78.14
76.20
75.20
74.35
75.29
74.27
72.30
72.12
72.09
75.41
73.75
72.71
74.65
74.02
74.66
71.74
69.55
71.17
71.68
71.84
73.69
74.43
75.10
77.18
80.11
81.20
80.49
80.12
78.27
79.83
82.61
85.67
88.94
87.44
86.90
86.16
85.78
86.83
87.25
85.67
85.70
84.80
84.23
85.99
87.17
86.15
84.72
84.77
84.83
84.81
85.59
86.15
85.88
84.01
82.70
81.28
81.17
79.29
79.61
79.62
80.70
80.54
79.88
81.48
81.96
79.02
77.89
79.39
80.28
80.48
79.91
80.47
79.89
78.54
79.25
78.18
76.89
77.59
76.29
78.09
77.25
78.61
78.19
77.78
76.27
75.68
72.51
72.90
73.05
72.54
72.13
70.11
69.59
72.13
75.92
76.06
73.11
71.46
72.13
72.24
73.29
73.69
72.83
74.58
76.32
77.63
77.10
77.11
77.82
78.31
79.30
80.97
81.37
81.51
81.89
80.59
80.12
77.93
78.03
77.64
77.32
76.31
75.45
73.46
72.99
73.75
73.37
73.55
72.05
71.89
71.88
71.86
72.39
75.19
76.43
77.52
78.36
77.88
79.35
78.47
77.18
76.99
78.44
76.46
77.46
77.20
77.64
79.47
78.97
78.76
75.55
76.02
77.95
77.50
77.77
75.87
77.99
78.89
78.11
76.55
75.20
78.04
75.86
77.92
77.26
78.92
79.51
79.69
77.24
77.77
76.99
74.45
73.10
72.40
71.36
70.00
69.77
67.20
68.56
68.04
68.07
69.19
69.07
65.49
65.54
65.11
64.82
67.99
70.53
68.69
71.32
71.55
71.67
67.35
67.44
67.69
69.86
69.83
69.42
66.53
66.82
67.12
67.66
67.73
69.65
72.79
72.51
71.65
71.82
74.26
74.19
73.33
74.59
72.37
70.54
72.41
73.48
72.89
72.46
73.50
73.59
74.83
75.51
74.28
73.55
71.70
70.11
66.53
69.88
70.81
70.32
69.25
67.21
66.87
66.44
65.38
62.75
63.09
60.86
60.69
60.52
61.10
60.43
63.23
64.05
65.61
66.65
68.79
69.30
70.99
68.92
69.78
68.33
68.80
66.98
69.19
71.06
70.85
70.24
69.44
70.92
71.79
70.80
69.62
67.88
68.34
68.71
65.88
68.17
67.97
65.52
64.39
62.50
61.24
60.21
60.78
59.93
60.59
58.92
58.47
55.98
56.69
57.34
57.94
57.48
58.14
56.47
56.15
54.12
54.58
52.85
50.80
50.78
49.99
50.32
51.67
50.11
49.81
49.82
49.86
53.35
53.06
51.79
51.96
52.14
54.06
51.59
51.22
52.24
53.47
52.75
48.44
49.23
47.99
51.98
53.46
51.75
53.50
53.47
51.22
50.67
47.66
48.24
43.98
44.93
45.09
41.40
43.96
44.13
44.85
43.64
46.12
43.70
42.21
46.35
46.51
44.29
42.50
40.99
41.89
41.99
39.55
41.03
43.28
44.81
44.65
44.28
44.61
46.02
46.21
46.46
44.15
44.08
43.82
45.88
45.40
44.90
43.73
46.96
48.37
45.39
45.02
43.62
44.50
46.57
44.69
45.08
44.83
42.91
44.42
44.67
45.86
50.53
49.62
46.91
45.59
40.15
40.55
38.37
36.61
40.36
41.45
44.00
43.36
45.53
44.56
44.60
46.41
47.39
42.40
41.53
43.42
39.74
42.28
45.44
45.44
47.97
53.49
53.13
53.92
50.35
53.93
49.19
48.08
51.72
51.84
52.31
54.24
51.99
52.37
55.71
59.08
57.35
57.43
61.87
66.44
60.48
65.32
63.71
65.47
60.29
61.41
62.05
65.92
64.52
69.72
72.03
69.60
66.32
70.80
74.53
77.46
74.09
82.66
84.36
84.66
83.68
90.25
90.56
95.33
98.17
93.98
103.541
104.600
102.4561
103.0879
106.04
99.61
95.19
94.84
89.22
92.38
97.58
97.64
98.97
100.340
103.442
104.098
106.303
108.0626
108.3498
109.417
114.0511
114.1776
116.22
114.633
114.03
113.9219
120.167
114.368
113.25
111.944
112.558
112.643
113.47
111.155
112.678
113.334
117.864
117.0059
117.7047
120.6882
124.186
123.9845
127.108
122.7149
125.84
124.522
126.442
125.2929
129.5531
132.61
130.1967
131.0776
136.195
138.759
143.929
144.493
142.03
136.58
136.4383
141.877
144.424
146.08
144.26
140.67
139.8334
140.314
139.839
134.3356
136.46
135.91
134.86
132.0025
136.44
133.7273
134.714
134.25
136.09
135.025
131.0216
133.915
137.696
127.546
122.1099
124.5869
128.029
127.780
126.8909
130.934
128.3107
132.37
131.57
130.5165
132.700
127.842
125.06
124.998
121.250
121.860
124.10
122.9199
125.408
122.843
122.327
120.317
117.99
114.567
110.5077
111.3682
113.4384
116.744
116.345
114.3482
116.464
115.953
114.43
113.923
112.430
112.661
111.31
109.84
108.75
108.205
108.470
106.3475
107.144
104.90
102.5219
103.75
100.173
100.304
103.777
105.007
103.997
100.60
99.86
100.384
100.7259
105.564
101.759
107.55
107.54
106.27
105.255
104.164
102.3822
102.615
101.64
97.52
100.48
100.109
100.90
98.27
99.47
97.69
97.01
96.24
98.42
98.56
94.91
94.63
95.09
93.32
92.86
93.53
91.94
88.51
87.78
88.82
90.47
89.44
92.21
92.53
92.00
91.38
90.90
89.07
86.62
88.45
87.51
89.23
88.75
89.75
90.98
92.92
91.07
92.22
94.37
95.54
94.39
96.79
97.60
97.84
93.85
93.88
94.78
93.94
92.70
92.46
90.88
91.48
90.12
91.29
92.67
92.12
94.02
89.99
88.04
88.64
90.18
88.49
89.53
89.80
88.26
90.22
89.81
92.52
95.32
95.76
94.50
94.84
95.49
92.28
91.62
90.94
91.36
88.83
91.98
93.18
92.79
93.24
93.26
90.49
92.08
89.72
90.63
87.44
90.32
88.69
87.48
84.37
82.85
83.27
83.79
84.60
83.13
84.16
82.75
80.55
80.15
78.60
77.49
76.58
78.90
78.97
77.19
77.38
77.64
79.17
80.03
77.43
77.62
78.91
79.30
79.09
78.47
77.59
76.98
76.22
77.40
77.68
76.38
75.48
75.07
74.77
74.34
73.92
73.41
72.69
71.90
72.13
70.55
70.95
70.62
69.86
68.70
68.69
69.85
70.44
69.42
71.64
70.51
70.23
70.39
70.21
70.99
71.80
71.17
74.75
75.76
75.35
77.05
75.74
76.26
75.18
76.32
75.08
76.86
77.64
77.67
76.76
75.53
77.33
77.57
76.40
75.44
76.40
75.78
75.62
74.75
73.05
72.93
72.63
71.41
70.52
70.53
70.17
71.36
71.18
70.22
70.42
71.84
72.18
71.47
70.96
69.94
68.79
69.56
68.60
71.22
71.02
70.45
70.40
69.07
68.04
67.84
68.13
69.71
70.69
70.72
70.60
69.52
70.49
69.42
70.27
68.01
68.11
66.83
66.83
65.79
65.20
65.54
64.44
65.31
66.05
66.25
67.00
67.65
68.41
67.65
68.57
67.16
68.15
66.49
65.94
66.04
65.93
67.25
68.97
68.72
67.84
67.42
66.59
68.24
68.40
67.81
68.74
68.10
67.88
65.78
64.60
64.41
63.18
62.51
60.77
60.20
60.52
60.30
60.98
61.06
60.90
60.74
61.13
62.33
62.50
61.39
60.54
62.08
62.11
61.89
61.36
61.33
60.88
60.62
59.35
57.98
58.14
58.95
57.60
57.43
57.03
56.60
59.01
59.03
57.23
58.42
58.10
58.41
56.72
57.40
56.39
53.68
55.29
54.12
55.43
55.10
52.70
53.44
51.75
52.78
52.26
53.12
52.95
51.70
53.69
55.18
55.60
55.64
55.11
57.96
60.44
60.86
60.67
60.52
61.10
62.42
62.46
63.23
62.81
62.13
63.49
62.12
61.33
61.52
61.84
62.20
62.57
63.07
63.32
63.45
64.62
64.26
63.07
61.21
60.44
60.03
59.35
59.49
60.39
58.98
58.99
58.54
59.46
58.84
59.05
59.71
61.32
59.59
58.48
59.75
59.15
57.87
58.98
59.03
58.68
61.08
60.77
62.05
59.86
59.21
59.68
60.87
59.58
60.94
59.96
59.52
58.76
58.65
59.34
60.54
59.83
60.00
59.22
58.43
60.45
62.48
62.54
62.21
60.12
60.80
60.41
61.34
60.47
62.17
64.05
63.33
62.24
62.99
62.99
64.55
65.33
66.53
66.93
68.09
67.71
69.15
70.25
70.18
69.86
70.82
72.70
72.68
72.02
73.24
73.38
72.30
71.58
73.08
73.80
74.30
75.63
75.28
77.28
77.55
78.30
76.17
76.56
76.89
75.89
75.15
73.39
75.01
74.00
73.28
74.61
73.75
73.72
73.90
74.36
75.92
77.27
76.69
74.39
73.67
72.89
73.51
74.08
73.98
72.51
73.39
73.51
72.88
71.41
70.98
70.73
69.93
69.95
69.17
68.08
68.11
68.80
67.43
66.98
66.92
68.93
70.48
69.05
69.19
70.81
71.37
71.03
69.39
70.41
71.05
70.59
70.71
69.22
71.00
69.35
68.68
69.67
69.04
70.24
70.21
72.18
72.51
70.82
71.22
69.33
70.88
70.39
73.32
74.87
73.40
72.50
71.02
72.44
72.46
73.86
74.17
72.87
72.95
71.85
71.30
70.14
69.42
69.37
68.75
67.29
67.84
67.10
66.39
66.84
65.91
66.46
65.55
64.97
63.61
63.51
63.27
61.50
62.13
61.34
63.26
62.91
62.94
63.97
62.20
60.83
61.06
60.03
61.17
62.34
64.18
64.07
62.45
61.76
60.99
62.60
60.54
60.44
61.60
61.54
59.89
58.79
58.15
59.52
59.38
59.64
60.75
61.06
61.56
63.33
63.39
62.88
65.03
65.99
66.59
66.24
64.92
64.23
65.34
66.16
66.43
65.23
64.19
64.90
62.93
62.26
62.62
62.17
61.92
62.01
62.72
61.13
61.68
61.35
58.98
58.07
57.64
56.29
56.69
56.55
56.72
56.17
56.11
57.13
59.85
59.60
59.52
59.44
57.31
58.67
56.98
57.61
57.73
57.05
56.15
55.05
54.32
54.88
55.01
55.30
56.21
56.41
55.34
54.88
54.85
56.00
54.05
54.73
54.99
55.68
56.88
57.81
58.04
59.25
60.52
58.38
58.37
58.10
59.42
59.14
58.87
60.24
58.24
58.48
57.91
58.60
59.28
60.57
59.35
60.14
60.57
60.08
58.78
59.21
58.37
60.12
61.22
62.80
63.48
63.84
63.93
62.97
63.93
62.44
64.60
64.73
64.20
65.61
61.81
63.16
63.37
61.61
61.80
62.84
63.08
62.89
64.67
64.85
66.06
67.72
67.02
67.57
64.87
66.27
66.01
64.65
64.50
64.36
62.40
62.56
65.41
65.58
66.45
65.38
63.99
61.98
62.70
61.07
60.12
59.65
60.62
60.44
59.37
58.76
58.01
58.03
57.86
57.58
55.72
56.65
57.36
56.99
57.61
57.31
58.27
58.82
57.44
58.20
59.28
59.85
58.29
57.94
57.54
55.58
56.15
57.18
59.30
58.36
57.96
56.58
57.50
58.32
57.76
56.22
54.50
53.73
54.78
52.67
53.82
52.11
53.13
53.67
54.17
52.40
53.27
50.73
50.70
50.16
50.07
48.82
48.37
48.03
47.88
48.15
49.34
48.05
48.66
48.34
50.07
51.43
51.29
50.77
51.13
50.97
50.52
51.09
52.48
52.29
54.14
54.40
54.97
54.01
53.78
52.94
50.78
51.61
50.91
50.48
51.98
53.21
52.89
54.04
55.27
55.44
56.23
56.51
54.29
52.09
53.03
53.93
53.04
54.59
55.65
55.59
55.06
54.80
53.85
53.66
53.10
52.66
53.38
52.84
52.09
51.80
51.95
51.22
50.11
50.06
49.61
49.44
48.51
48.62
46.73
46.34
45.82
46.15
45.39
45.53
44.80
44.48
43.13
43.07
43.04
43.89
43.85
44.01
44.82
45.92
44.95
46.44
46.51
46.96
46.01
45.73
44.32
44.71
45.39
45.03
45.15
45.21
43.68
43.12
42.92
43.18
42.85
40.51
41.04
40.46
40.37
39.17
40.07
40.71
40.64
42.37
42.45
43.39
41.45
42.22
39.25
37.84
37.38
39.67
38.69
38.27
39.65
39.36
40.15
42.31
45.51
45.75
44.57
44.66
44.82
44.45
44.38
44.89
42.72
42.76
42.29
40.34
42.31
43.02
44.75
43.71
45.92
46.42
46.01
47.56
46.55
47.06
48.98
48.37
49.45
51.56
50.78
51.22
50.72
50.52
48.77
48.91
49.93
50.84
50.05
49.60
50.66
49.71
48.90
47.99
47.13
46.19
46.62
46.38
46.08
46.45
45.93
45.33
45.13
44.93
43.39
42.91
42.45
40.75
41.85
41.73
41.06
40.20
42.22
40.39
40.76
40.62
41.23
41.57
41.47
39.61
40.64
40.33
40.68
42.32
43.03
43.54
44.33
43.03
42.99
43.67
43.88
42.29
41.57
41.28
41.56
40.63
41.12
39.70
40.64
39.97
40.03
39.25
39.53
38.54
38.11
38.27
38.01
37.16
37.01
37.90
38.00
38.11
38.54
36.69
36.63
37.05
37.77
36.61
37.18
36.30
35.92
36.07
34.50
33.11
33.70
34.97
35.30
35.03
35.61
35.13
36.21
36.21
35.20
35.29
35.49
35.44
35.74
35.29
35.05
35.96
35.67
36.40
36.86
39.08
36.58
36.25
37.08
37.44
38.17
36.51
37.26
37.90
36.95
37.91
38.76
38.49
37.95
37.36
35.97
37.00
36.53
36.72
35.93
34.48
34.38
34.31
34.28
33.58
33.09
33.39
32.46
33.11
33.46
33.64
33.12
33.45
33.19
33.34
32.45
31.35
30.69
30.21
31.55
31.51
32.45
31.74
31.99
31.83
33.01
33.31
32.80
33.26
33.13
33.53
33.45
33.80
32.24
32.83
31.99
32.23
32.77
33.35
32.89
32.23
33.15
33.34
32.23
31.57
31.57
30.81
30.81
30.69
30.82
30.99
30.69
30.32
30.57
30.07
29.87
30.04
29.11
28.83
29.27
28.88
29.50
30.23
29.18
29.13
29.77
30.23
30.45
30.96
31.11
30.86
31.23
30.57
30.47
31.56
31.03
31.37
31.76
31.37
31.08
30.76
30.82
30.89
29.32
30.17
29.74
29.31
29.06
29.04
28.99
30.05
30.80
30.59
30.38
30.32
30.37
29.57
29.66
29.63
29.98
28.74
29.23
29.14
28.94
28.25
28.45
28.70
28.47
27.94
27.86
29.36
29.56
29.78
30.47
29.05
29.56
29.21
29.20
29.09
28.99
28.91
28.41
28.60
27.16
27.36
27.70
27.10
27.44
28.04
28.39
28.58
28.63
28.28
28.63
28.62
29.03
31.11
30.87
30.69
30.67
30.90
30.14
28.73
29.03
28.89
28.71
28.27
27.88
27.61
26.83
26.64
26.81
26.67
25.52
25.53
25.32
25.59
25.67
25.99
26.70
26.77
27.02
27.52
27.37
27.17
27.21
27.31
27.74
27.52
29.25
29.49
29.44
29.18
29.77
29.70
29.71
28.84
28.47
28.66
28.81
28.83
29.01
29.87
29.91
29.99
30.25
29.48
29.93
29.53
29.99
28.37
28.50
28.10
28.03
28.18
28.16
27.78
27.49
28.69
28.93
28.62
28.72
29.17
28.96
29.19
28.88
28.71
27.97
27.82
27.63
28.20
27.97
28.31
28.33
27.30
27.04
27.65
26.62
26.93
27.02
26.29
26.26
26.67
26.65
27.46
27.83
28.39
28.08
27.85
27.78
27.44
26.81
27.28
27.38
26.32
26.03
25.59
26.34
26.24
25.97
26.21
25.65
25.61
26.10
26.73
26.75
25.90
24.89
25.10
24.65
24.11
23.57
23.52
23.82
23.68
23.26
23.50
24.09
24.33
24.26
25.46
25.88
25.02
25.20
24.99
24.75
24.47
25.25
24.60
24.58
24.68
25.50
25.21
26.36
27.18
26.35
26.82
25.29
24.81
26.09
24.35
25.50
26.75
27.25
29.48
31.38
32.43
33.91
33.29
33.69
34.10
33.53
33.00
33.09
32.48
32.79
33.04
33.07
32.32
33.15
32.27
31.56
32.33
32.54
31.92
32.50
33.06
32.45
32.37
31.70
32.34
31.44
31.36
31.09
30.25
31.10
31.21
31.02
30.27
29.86
30.49
29.72
30.34
30.74
30.65
30.54
31.66
31.22
30.61
30.20
29.67
29.64
28.79
29.33
30.20
30.77
29.43
28.66
29.66
30.16
29.61
29.72
28.34
28.22
28.49
27.92
28.38
27.21
26.87
26.25
26.42
25.76
25.46
25.80
25.18
25.85
25.62
25.16
25.01
25.25
24.85
24.67
25.21
24.83
24.53
24.08
24.28
23.35
22.81
22.70
23.72
23.79
23.58
23.48
23.70
24.12
25.02
25.41
25.72
25.30
25.31
25.68
25.46
26.46
26.51
26.43
26.59
27.84
27.97
28.58
28.50
28.50
27.99
27.74
28.13
28.09
28.23
28.12
28.26
28.82
29.01
28.75
28.88
28.89
29.06
29.11
29.13
28.43
28.38
28.32
27.97
28.52
28.31
27.73
28.39
28.58
28.49
28.29
27.66
27.10
26.57
27.54
27.47
27.52
26.95
27.22
26.99
27.02
27.41
27.10
27.26
27.00
26.80
26.38
26.15
26.04
25.34
25.11
24.95
25.53
24.89
25.31
25.01
25.44
25.68
25.00
25.03
25.26
25.33
25.04
25.42
26.43
26.28
26.44
26.28
26.06
26.32
25.96
25.93
25.17
25.08
25.73
25.55
25.84
25.75
25.64
25.58
25.45
25.24
25.20
25.27
24.75
25.07
24.55
24.79
25.24
24.99
24.06
23.51
23.30
23.66
23.99
24.22
24.18
24.45
24.05
25.12
24.76
24.94
25.18
25.39
25.50
25.60
26.38
26.36
26.22
26.17
27.31
26.58
26.38
25.94
26.03
25.41
25.75
25.43
25.87
26.47
26.68
26.19
25.93
25.76
26.00
25.89
25.85
25.77
25.38
24.58
24.70
24.29
25.04
26.01
26.08
27.02
25.99
27.31
27.27
27.66
25.92
25.44
25.31
25.13
25.36
25.42
24.66
24.91
25.07
24.55
24.06
23.89
23.70
23.89
23.33
23.30
22.72
22.79
21.94
21.89
21.33
20.85
20.86
19.98
20.37
20.37
19.86
20.52
20.33
20.87
20.82
20.70
20.46
21.44
19.72
19.21
19.31
19.56
19.81
19.98
19.18
18.79
19.24
19.65
19.37
19.13
19.19
18.75
18.57
18.45
18.41
19.36
19.70
19.78
20.86
21.29
20.89
22.02
22.03
22.18
20.66
21.00
19.90
20.30
20.34
19.34
19.36
19.13
19.47
19.18
19.06
18.38
17.80
18.20
17.91
18.17
19.03
18.39
19.22
19.29
19.71
19.14
18.41
18.69
19.02
18.36
19.28
19.90
18.73
18.75
18.01
17.75
17.68
18.75
20.81
20.39
21.38
20.28
19.33
19.07
19.44
19.77
19.62
20.37
20.91
21.10
21.02
21.01
21.26
20.94
21.05
21.35
20.62
20.99
21.70
21.68
21.73
22.46
22.01
21.88
21.57
21.63
22.15
21.52
22.05
22.89
23.26
22.79
23.00
22.38
22.02
25.44
25.92
26.32
27.27
28.38
29.43
28.10
28.02
29.06
27.45
27.69
26.96
26.32
26.26
26.54
26.41
26.09
26.53
26.47
25.95
25.60
25.34
25.49
25.05
24.73
25.55
25.55
25.99
25.88
25.98
25.68
25.70
26.08
25.83
25.69
26.13
24.96
24.69
24.96
25.19
25.14
25.25
24.90
24.92
24.64
24.05
24.22
24.89
24.78
24.97
25.14
25.52
25.93
26.15
26.81
25.84
25.80
25.36
25.64
26.08
25.40
25.66
26.99
27.07
26.59
26.30
26.09
26.98
27.01
28.12
29.59
29.34
29.46
29.57
29.44
28.50
28.96
29.68
29.26
29.07
29.34
29.14
29.17
28.48
28.53
29.24
29.36
29.42
29.39
28.46
28.36
28.16
28.28
28.19
28.48
28.15
27.90
28.19
28.07
27.59
28.33
27.89
27.79
27.60
26.82
26.32
26.55
26.39
26.83
27.29
27.63
27.37
26.53
26.54
25.28
25.17
25.32
25.32
24.77
24.11
24.74
24.50
25.27
25.89
25.40
25.38
24.63
25.00
24.62
24.81
25.05
24.19
23.93
25.28
25.90
26.33
26.68
27.23
26.48
26.71
26.00
25.85
25.57
26.02
26.11
26.52
26.46
26.37
26.62
27.31
26.89
26.64
27.28
28.46
29.00
29.25
29.84
29.91
28.70
28.45
29.19
28.10
26.66
26.89
26.60
26.98
26.46
26.26
26.67
26.53
27.04
25.62
24.79
26.20
26.18
25.75
25.61
25.34
24.59
24.43
25.18
25.35
25.03
24.30
23.87
23.71
24.04
23.66
23.61
22.97
25.00
26.24
25.89
25.36
25.14
27.06
27.54
26.56
27.47
28.01
27.79
29.34
30.17
31.88
32.68
32.19
33.06
33.12
33.28
33.24
33.10
33.07
33.08
32.77
33.90
32.69
32.94
32.02
32.16
31.32
31.68
31.29
30.85
30.78
31.31
30.76
31.14
30.95
31.96
31.36
31.59
32.09
31.62
30.74
31.10
31.13
31.90
32.52
34.59
31.79
31.85
30.76
30.10
29.89
30.52
31.05
31.08
29.84
29.26
30.54
30.42
30.24
31.25
32.73
33.74
33.63
34.46
33.98
31.94
31.53
32.48
33.62
32.78
34.55
34.28
32.98
32.84
31.85
31.72
31.98
31.36
30.39
30.35
30.69
29.93
30.60
30.44
30.16
32.53
32.18
31.48
30.57
30.88
29.87
28.90
28.52
29.37
28.31
27.59
27.14
26.93
27.36
27.15
26.83
26.94
26.92
27.52
28.27
28.88
29.32
28.56
29.88
30.26
29.67
29.22
28.85
29.70
29.67
29.38
29.58
31.10
30.57
30.80
30.11
30.24
29.75
30.39
30.15
29.33
29.02
27.98
28.35
31.26
31.02
31.49
31.21
29.58
29.07
29.22
28.59
28.37
29.05
29.19
28.31
28.96
29.22
29.19
28.61
27.50
27.43
28.59
28.92
27.89
28.78
28.33
28.05
27.45
26.42
26.82
26.08
25.29
25.15
25.00
25.08
23.89
23.76
22.98
23.33
23.83
23.77
23.05
22.74
22.41
22.66
23.12
21.67
21.30
22.58
23.45
23.75
23.65
24.51
24.77
24.63
24.40
25.51
25.68
25.91
25.48
25.40
25.72
25.21
26.56
27.41
27.53
28.34
28.89
28.94
29.29
28.80
31.90
29.63
28.99
29.22
29.06
28.09
27.41
27.48
27.37
27.06
26.58
25.93
26.22
26.67
27.37
27.13
28.76
27.82
27.48
26.92
26.37
26.88
27.07
26.66
25.93
26.39
25.97
25.68
25.62
26.13
26.54
26.06
26.35
26.10
25.84
26.05
25.65
25.47
24.98
24.81
24.62
23.73
23.09
23.62
23.73
24.39
25.08
25.45
25.21
25.19
24.65
25.29
25.30
25.52
26.09
25.43
25.02
24.58
24.46
25.05
25.69
25.40
25.79
24.95
24.96
24.03
23.64
24.85
25.36
25.52
25.61
25.15
25.78
25.07
24.36
24.92
24.54
25.00
24.59
24.28
24.49
24.13
23.28
22.83
22.85
22.57
22.08
22.35
21.69
21.42
22.59
22.70
22.82
22.93
22.11
21.87
21.76
22.02
22.50
22.08
22.22
22.05
21.23
20.70
22.08
22.76
22.93
22.98
23.67
23.58
23.81
23.76
24.07
23.90
23.82
22.93
22.68
22.66
22.80
22.72
23.59
23.71
23.48
23.44
23.04
22.27
21.98
21.36
21.03
20.80
21.11
21.33
20.76
20.57
19.78
20.63
20.98
20.99
20.90
20.57
20.74
20.84
20.69
20.49
20.63
20.49
20.50
20.06
19.80
19.63
19.40
19.41
19.37
19.80
19.34
19.13
19.36
19.53
18.85
18.58
18.55
19.20
19.35
19.03
18.94
19.03
18.59
18.51
18.24
18.15
18.10
18.18
17.66
17.62
17.51
16.79
16.53
16.62
16.55
16.63
16.10
16.37
16.50
16.76
16.47
16.46
16.41
16.73
16.07
16.18
15.84
16.10
15.58
14.95
14.88
14.55
15.20
15.36
15.47
15.43
15.28
15.58
15.23
15.02
15.14
15.81
16.21
16.10
15.60
15.96
16.45
16.41
16.56
17.05
16.93
16.57
16.45
16.40
15.80
15.70
15.89
16.13
15.89
15.70
15.92
15.69
15.20
14.92
15.20
14.81
14.86
14.21
14.35
14.93
14.72
15.24
14.81
14.58
14.41
13.94
13.68
13.73
13.88
13.45
13.37
13.27
12.67
12.56
12.56
12.18
12.46
11.56
11.76
11.56
11.53
11.25
11.00
10.73
10.88
11.10
11.08
10.94
10.58
10.40
10.61
10.13
10.05
10.37
10.43
10.10
10.17
10.09
10.16
10.41
10.57
10.89
10.85
10.88
11.35
11.00
10.88
10.64
10.85
11.10
10.98
10.51
10.81
10.71
10.79
11.18
11.06
11.50
12.04
11.73
11.53
11.46
10.53
10.96